== 1 simultaneous workers ==
1334
== 2 simultaneous workers ==
1131
1137
== 3 simultaneous workers ==
1387
1557
1064
== 4 simultaneous workers ==
3493
3491
3566
2653
== 5 simultaneous workers ==
2063
2069
2073
2073
617
== 6 simultaneous workers ==
3048
3053
3235
3295
2433
2267
== 7 simultaneous workers ==
2804
3096
3140
3350
3363
3387
1132
== 8 simultaneous workers ==
2542
2557
2654
2856
2916
3001
1216
1226
== 9 simultaneous workers ==
2296
2426
2440
2597
2636
1962
1864
1961
1833
== 10 simultaneous workers ==
2257
2347
2352
2434
2477
2338
2262
2314
2285
2254
== 11 simultaneous workers ==
2958
2970
3021
3056
3095
3897
3492
3519
3470
3453
3415
== 12 simultaneous workers ==
2998
3007
3209
3272
3341
3367
3371
2412
2364
2403
2402
2360
== 13 simultaneous workers ==
5918
5987
6049
6070
6045
6051
6097
6116
6099
6131
6115
6128
5952
== 14 simultaneous workers ==
6889
6897
6902
6912
6910
6925
6951
6953
6951
6958
6960
6960
6963
6972
== 15 simultaneous workers ==
7100
7155
7172
7170
7186
7196
7192
7211
7202
7218
7222
7223
7219
7239
7250
== 16 simultaneous workers ==
7931
7976
7961
7997
7983
7981
8039
8016
8062
8025
8091
8040
8044
8073
8074
8131
== 17 simultaneous workers ==
8570
8576
8606
8656
8675
8680
8663
8686
8695
8694
8704
8701
8705
8719
8707
8714
8720
== 18 simultaneous workers ==
8575
8574
8591
8617
8610
8616
8637
8647
8677
8670
8674
8686
8702
8705
8695
8709
8698
8720
== 19 simultaneous workers ==
9390
9413
9418
9446
9446
9454
9457
9453
9494
9504
9511
9514
9522
9526
9521
9516
9517
9528
9534
== 20 simultaneous workers ==
10602
10629
10648
10694
10711
10699
10724
10736
10721
10732
10734
10729
10747
10770
10797
10790
10780
10802
10794
10794
== 21 simultaneous workers ==
3739
3746
3740
3744
3742
3762
3784
3658
3674
3646
3686
3695
3709
3764
3517
3559
3547
3519
3569
3555
3474
== 22 simultaneous workers ==
4446
4553
4560
4582
4589
4644
4657
4464
3717
3701
3779
3794
3796
3794
3803
3136
3386
3195
3315
3374
3290
3335
== 23 simultaneous workers ==
10621
10913
11100
10978
11286
11284
11366
11425
11445
11500
11281
11373
11329
11144
11168
11268
11216
11322
11250
11311
11083
11064
11179
== 24 simultaneous workers ==
12144
12163
12177
12176
12204
12197
12222
12231
12245
12249
12237
12250
12264
12284
12288
12248
12265
12161
12177
12278
12331
12193
12282
12280
== 25 simultaneous workers ==
12693
12714
12756
12753
12802
12804
12806
12811
12818
12827
12837
12838
12848
12849
12856
12870
12866
12893
12889
12908
12905
12880
12900
12895
12889
